43919
37261
36617
41876
36377
38634
41462
44448
41928
40314
36746
40473
373726
245978
43201
43108
42473
1227551
1233251
245969
35918
245978
41782
38593
227692
1438231
36375
37943
37899
44471
1227558
39387
245969
702821
245973
36322
245967
38623
243723
38982
245969
43142
41167
42534
245967
1275855
39599
245971
36070
245956
228079
41037
35762
245974
40249
243702
38705
245968
227960
227692
243774
38797
228106
38853
227960
42024
243765
228098
242208
36811
39892
330127
39398
245973
228101
43832
44839
43077
44000
243754
40504
44595
245969
1425176
245972
227960
42364
245971
1425176
44839
1289746
245976
227960
245972
243701
227960
245973
1275855
245972
243720
40398
36375
227697
227697
227697
243722
243755
243757
243762
243768
245975
245977
330127
227959
1653284
1289746
43746
711022
1425176
42473
36919
710916
1289746
710943
710934
710927
711028
710917
710918
710919
710966
710929
711026
710945
533678
227960
710962
710931
710961
710964
710956
710959
710921
710952
710955
710965
710942
710950
710949
711027
710932
710938
710939
710944
710960
710922
710935
710947
710946
711024
711021
710968
711023
710957
710953
710958
710928
710923
710936
710940
710925
711025
711029
710920
330127
710954
710941
710967
710930
710937
41432
245982
1653284
1425176
228089
40659
1425176
1275691
742142
1354408
36105
1275855
243721
1425184
1425184
1425184
227697
1275855
38981
1438103
38326
1425176
36819
227691
227697
1275691
44415
1354408
38915
44847
1286255
36763
371891
371891
227691
1438103
1438107
227693
35958
740072
227694
36543
227693
1438107
1354123
36104
374064
372114
227693
372114
44645
1653284
227694
39674
243724
243724
243724
243724
50731
1462242
227691
227691
242209
1895502
41688
41688
1438103
227691
227693
1354123
371897
1438231
227691
227695
227695
371897
50731
227695
227693
373726
227695
227694
1462242
227695
38860
42431
372207
371923
227691
227694
227694
227694
227694
227697
242206
242210
1438103
1438107
1438103
1438107
1438107
1438107
1438107
1438107
44320
1438103
1438103
1438103
50731
50731
229951
229951
372078
372078
1286259
1462242
227960
227960
227960
227960
227960
1275691
1438231
1354123
36919
372172
371930
372207
372172
371930
371923
1462242
1462242
35839
38324
739901
43829
43668
371661
371913
371913
38164
42431
44569
40146
371913
40207
41206
445045
371823
371667
42020
373780
1488250
1653284
371823
371667
371661
371913
739901
739901
739901
371667
371823
37569
1848390
371823
445035
35976
371667
1848390
371661
40780
257264
1653284
42020
36638
257262
740072
371661
38659
228104
257264
243756
257264
1527627
257262
228103
1895502
229930
1354123
35958
1354123
35976
257262
257262
35976
257264
35958
228103
243756
243756
710913
710948
1527627
229916
229930
229930
1497024
229916
1527627
229916
229916
229916
1497024
1895502
1497024
44471
229930
229930
1527627
35963
37587
1527627
43822
227964
41602
227964
1474444
41602
41602
41602
1484352
39987
36387
36387
36387
36387
36387
36387
39251
39987
742142
742142
39251
39251
39251
39251
39251
39251
39251
39987
39987
36387
36387
39251
38582
39987
1527627
38582
39987
38582
39956
39956
39956
39956
1295197
38554
38554
38554
42020
39987
38582
42020
38582
38554
38554
38554
38554
42020
42020
42020
42021
42021
42021
42021
42021
38582
605885
42773
42579
43158
38290
37813
41972
39446
44778
42221
36092
230437
38156
39833
39395
38156
37733
1415705
38604
1227225
41529
42655
742772
655038
38644
1245192
281910
1245188
37954
36100
38528
36977
394988
43400
44317
41512
38156
38156
158656
143874
38156
1245111
1206726
42592
38594
38156
43790
396401
36137
1254785
38156
38156
43327
39896
40509
1227240
38156
394997
38156
158653
38074
37650
38156
42892
35818
38782
541471
38156
38156
38156
38156
44649
38790
394999
39669
43998
37733
1415704
37993
40629
36514
38156
38156
42465
1222343
707517
42148
43989
467936
43747
36475
38156
43690
595483
44382
37733
1415746
44688
42721
38156
1223477
38156
38156
38156
1218906
1245153
44089
36055
572377
788370
38156
35702
38156
44389
40245
39696
38156
44674
1222366
42208
38156
1223470
38156
40245
38156
41483
1226581
38470
1245201
39447
96543
38388
49395
172079
40035
36969
40035
38156
143877
1206729
1246333
38794
1223359
38156
37931
158192
38156
43969
42629
1227234
42630
1243720
37134
40098
572377
728717
145031
612528
550973
39709
550572
550974
549589
550576
550575
550991
43999
550980
550208
550965
42743
38263
40059
37711
37473
38903
43396
1270443
38303
44465
41124
35802
39371
41511
42137
44287
38270
40919
655052
37006
42521
43083
42019
41817
42506
42025
96544
1223489
43309
42943
38210
40035
38156
220239
38156
1246322
38156
37398
38156
36515
42733
40035
40035
43805
1270124
40035
36319
38656
40035
1244639
36256
1270086
1270171
39087
1222401
38858
37733
1226568
468208
37568
386083
40035
572377
136715
1244993
36100
1270064
42294
36877
40595
1270121
1270187
1270190
1245157
1270137
1270100
1270057
1270128
1270177
1227481
1227228
1270156
742160
1270084
1270174
40764
1270110
40035
1270134
37733
1415774
41379
43118
40035
37632
44787
322498
40035
1247088
44446
572377
1270139
36100
40035
40035
1270131
42820
43643
1243706
37254
38914
220254
1270107
38156
1270067
38436
41754
38156
38156
41289
1270069
1243181
1270055
1225787
1270097
1270181
572377
572377
40035
1270085
38156
742160
39182
1270089
38142
1270164
40035
1270168
1270144
1270132
36268
577018
37733
1415707
1270178
1204783
41289
41289
1270138
1270145
37124
37733
1415722
43373
742160
38156
1270160
38156
36230
1270136
1270141
1244634
1243187
1244624
1218916
1206686
1270180
1270167
43810
1270142
38354
43867
1270126
39365
1416366
1205179
37733
1415734
44183
1270091
1270099
37733
1415771
40035
37733
1415775
1415776
35818
1270169
96545
36932
37733
1415718
38156
43495
38156
1270096
1270104
36423
1270106
40035
38091
37733
1415775
1415776
40758
40035
1270159
1270058
37733
1415778
37733
1415710
37733
1415730
36444
1243174
1243697
37733
1415720
1270068
39365
1416360
742541
36423
40035
1270117
43063
1270173
37733
1415743
40035
41289
1270184
37733
1415745
1270129
38727
41890
1270158
655422
37733
1415765
36423
367421
655421
1270198
36423
35815
35780
1242540
1270193
43221
1270101
40035
40035
42008
42924
37733
1415777
572377
38074
1227385
40322
37733
1415728
35984
36286
39475
37733
1415724
37733
1415739
1270083
1270048
37733
1415737
405075
572377
572377
39127
1273359
40427
42470
41745
41265
1270087
44098
1243189
36423
40035
37733
1415748
37733
1415770
1270162
37505
36423
36423
43487
264356
37104
39365
1416370
1270060
44391
40556
37733
1415714
42403
40052
36423
37733
1415713
36423
1270140
896250
1226464
1270051
43290
36423
36423
40035
36458
38922
39174
43859
1206573
35777
35896
39453
43908
36423
38477
37733
1415731
577012
577015
39365
1416399
41571
36423
40035
572377
40035
40177
36423
1270042
37733
1415767
39748
1204850
36423
39365
1416404
37521
40583
1270056
36423
1218887
37733
1415749
36423
415334
39365
1416383
42325
41297
40035
35972
39365
1416367
44496
37849
37143
37434
1222393
896296
36423
1254800
40035
1246462
39729
37733
1415733
39636
39365
1416403
40456
36256
36423
91466
1218882
1227222
1242837
40058
742541
44383
37832
39365
1416372
42769
764748
41942
914927
1223342
38491
914866
36285
35851
41226
43290
1244775
42706
40139
40526
1243280
1206672
112692
40216
39365
1416385
41065
575302
44797
41545
1018677
42186
36423
39365
1416365
38004
38887
43290
39365
1416371
38483
44023
37433
40083
1270054
207351
36423
37733
1415763
42886
39365
1416363
172079
44496
40035
39365
1416422
44767
36288
1243001
40215
1227464
40047
44282
42805
43296
36628
41924
43665
40595
38544
39258
43139
38490
37210
36475
44607
42904
36821
572377
1245177
42818
42401
39365
1416426
38403
405073
36181
207351
1242581
37143
714102
1223363
39365
1416425
43692
37691
396604
43813
43290
43814
37014
36423
423934
35923
227603
36423
43290
40866
39111
204843
1206307
1244750
37221
41904
43290
40035
44808
43290
36100
39365
40867
42264
1204833
37323
43290
43190
43290
37641
38062
1244205
42341
1242850
1242844
42254
43290
41366
43047
43290
1243313
36703
37308
37734
43290
36423
36423
37734
42949
768184
43290
42102
43290
158660
38914
43290
43290
44003
39096
43290
40572
36423
44496
1246440
1246456
39244
40244
37734
36423
37616
1242882
43443
43373
709098
742667
43290
36423
36100
38534
36100
43290
43379
44434
43873
1227466
37734
43290
41134
39503
38073
1768673
572383
1270102
38187
62676
37734
48313
1225602
264361
36966
36100
1247766
37184
35768
768191
43479
40865
43290
39327
44496
39544
1243312
39566
36245
44496
43640
36075
38385
1242638
1244780
37734
43027
37462
43290
44829
264370
42322
37734
37328
43867
41128
1244201
1270286
229590
1062248
423938
38307
36224
42126
36423
36100
36423
36423
36423
36190
41410
37734
43837
742667
36423
37734
41127
40972
36423
41424
742164
36100
44207
35830
44496
572377
572377
43982
1242872
43290
43613
39177
40732
39748
1308009
1225610
143646
43337
41298
43440
43532
1243289
41953
41723
1227393
1242642
422866
40582
36100
36116
36100
36100
38953
42457
44495
217564
1270332
1244791
1247089
37734
38877
1270295
1270268
44076
44457
38520
617583
39741
37734
41540
37734
1270329
35921
35901
1227397
43789
44496
146754
1270276
264366
38655
42579
37734
36484
1243711
37734
1270303
1227266
41261
572377
38713
42179
44496
41892
1243159
36100
44714
36100
36423
40312
44511
37734
1270260
1270305
1270284
1270318
1270323
40698
38436
1254805
573122
40081
1270288
1270300
1270250
1270278
37546
572377
36915
44496
1242662
1242875
36138
36628
44114
1270338
44022
1270294
1270304
1270315
37849
41695
40854
43688
44496
39216
39538
42126
1270273
1270322
1270287
40012
1221321
44080
37734
572377
38301
41807
36100
44335
44496
41096
1270301
1244190
572377
1270277
1270285
914806
43392
42583
1270272
1270279
44483
36100
44496
1270282
39127
1243487
1270299
572377
204846
38069
1270251
1270243
38073
39392
572377
44155
1270275
40841
42868
37293
39523
40653
1242640
36737
1243183
41275
42271
1242651
36645
44496
39241
43290
39014
38914
310431
42747
43443
1270261
37433
37318
1243714
38094
44615
44351
1242602
43040
1270289
37434
1206191
41378
37734
152729
44797
572377
148556
39145
41560
36481
38828
1270244
44496
40895
41476
43966
41414
37734
1243180
43966
43353
42693
40732
41621
38854
38520
37734
264371
1270240
143284
552954
41740
38106
40068
217905
44172
37734
37199
36102
39432
35956
39211
37327
44815
40817
40002
41313
40918
42599
288067
42705
706807
44343
41408
38248
39736
36644
726084
40058
1243464
264368
38541
1270247
1204839
1243489
264367
1270263
36666
42352
36484
36181
41540
264359
35965
1438773
1438786
1438787
1438788
1438789
1438790
1438791
1438792
1438793
1438794
1438795
1438796
1438797
1438798
1438799
1438800
1438801
1438802
1438803
1438804
1438805
1438806
1438807
1438808
1438809
1438810
1438811
1438812
1438813
1438814
1438815
1438816
1438817
1438818
1438819
1438820
1438821
1438822
1438823
1438824
1438825
1438826
1438827
1438828
1438829
1438830
1438831
1438832
1438833
1438834
1438835
1438836
1438837
1438838
1438839
1438840
1438841
1438842
1438843
1438844
1438845
1438846
1438847
1438848
1438849
1438850
1438851
1438852
1438853
1438854
1438855
1438856
1438857
1438858
1438859
1438860
1438861
1438862
1438863
1438864
1438865
1438866
1438867
1438868
1438869
1438870
1438871
1438872
1438873
1438874
1438875
1438876
1438877
1438878
1438879
1438880
1438881
1438882
1438883
1438884
1438885
1438886
1438887
1438888
1438889
1438890
1438891
1438892
1438893
1438894
1438895
1438896
1438897
1438898
1438899
1438900
1438901
1438902
1438903
1438904
1438905
1438906
1438907
1438908
1438909
1438910
1438911
1438912
1438913
1438914
1438915
1438916
1438917
1438918
1438919
1438920
1438921
1438922
1438923
1438924
1438925
1438926
1438927
1438928
1438929
1438930
1438931
1438932
1438933
1438934
1438935
1438936
1438937
1438938
1438939
1438940
1438941
1438942
1438943
1438944
1438945
1438946
1444886
1444887
1444888
1444889
1444890
1444891
41764
144174
42179
39636
42770
39948
1433468
44390
40147
42876
43030
39296
43821
42250
38930
40758
264358
39100
37734
43982
572377
36981
43766
37567
38126
43532
1273373
40809
44808
42615
39504
36098
44019
38160
43820
1433468
36234
41279
41811
41421
37805
40853
36604
40818
423940
41887
36182
38276
44373
42441
43346
42147
38865
44047
42665
39927
40526
35768
39746
37733
38275
39589
44176
1270249
42009
44835
44532
44217
40379
245769
39524
37020
37734
39094
44384
41150
264374
37734
1433468
264365
37758
44834
43563
40318
621035
39341
36984
39373
36768
44129
1218924
40237
264375
44603
44496
1433468
37734
38046
37648
1314164
40931
43081
1433468
36209
1243296
1243500
37712
38418
235260
39123
1218893
36340
42446
38220
40857
36194
37316
1243317
1243315
41870
42045
39983
1433468
44496
1414970
36982
37648
37017
37052
41245
38697
36003
40407
41722
37734
42918
38127
1243503
40812
1414559
38021
37737
38922
44556
234734
43348
41735
40863
264360
39983
43344
43735
1414558
1414564
1414556
42519
40086
38887
1243186
38626
44849
1269836
41549
423935
1414560
40425
40234
41917
39578
1208772
1414562
1414579
43279
38122
41235
42385
42926
1768261
42870
1243306
44083
43082
742149
1414549
1414552
40638
41596
42670
44849
1269893
1227484
44364
1772667
40552
43345
42471
40282
43352
1416387
133669
264362
1433468
42642
39661
41213
41765
41356
37302
617585
36790
1245019
36557
1244997
42164
36564
1414971
1414553
37332
42345
264373
1245007
1414568
1414576
41137
41224
1246449
37034
1414572
37907
41431
43783
1414566
35767
38061
38951
1225618
1414574
39382
37738
1270119
39722
1416393
1243284
43795
1414570
742155
1433468
42283
1414578
37759
36597
742151
37206
38558
39430
40495
35874
38971
1416378
38187
41299
1416398
40217
1416395
41846
1416377
1270112
39952
1416397
1768548
41915
423941
42917
36004
44654
35955
1433467
675322
1433468
1416416
42078
451845
44292
43254
1416388
1243323
1416386
1416392
742633
37825
40476
41085
1243188
44598
1433468
37014
423939
38494
41412
1416408
41291
426025
39365
1416375
1433468
1439474
1416389
41951
1416390
37103
742623
1416418
38783
38653
43784
36608
36577
37595
35743
1416420
1416414
1416427
39888
1416421
1416405
39365
1416380
381640
1416400
1244990
1243000
264364
39042
36163
38156
41765
39391
39391
1416412
44087
39465
217261
43374
43793
886970
38299
1242667
44257
41384
42593
1416368
40333
38376
40694
44005
1416428
43357
1244989
222014
42722
1246327
41142
39717
39122
38429
43066
44697
1416407
1416415
39904
40951
41468
37734
37734
39757
43381
43760
44451
468029
41309
1416424
39439
423936
42413
43365
41320
37734
39006
38137
41477
37934
38211
43557
36032
38758
36350
38307
36544
39233
1416391
35930
1416423
1416417
572377
39083
37734
37734
1416419
1416409
43271
1768865
1270115
42104
1416396
37734
37203
41502
44653
1416413
1196131
41142
44160
38262
572377
1232298
36399
40483
41475
37734
1232221
36348
217263
217304
1270175
38156
39038
1232212
1232254
36019
36679
1232270
1232303
1270146
1126490
37734
43241
42056
1232260
38485
1433467
1416429
42627
1232305
600211
37734
1232288
38008
373774
40411
1232498
748708
39025
264369
572377
43270
1232218
35782
44142
679727
1254806
1232499
40803
572377
38169
43245
1232502
39193
600207
44849
1269878
39167
39915
1243007
1270111
38557
43116
224564
1232456
1232462
36715
41359
38156
38621
37484
572377
37158
37734
1232500
309627
41686
43687
42371
42350
39518
44347
572377
1270157
679720
44556
37311
37734
600208
39366
38186
40639
41750
264357
40590
37355
572377
572377
41357
41063
742157
96577
40638
600212
38804
44570
39747
37734
37262
1243002
217299
37295
1416410
38120
373782
37507
37734
204848
38186
41790
1270194
37727
395084
37734
37734
37734
62548
207333
40887
36217
41261
37734
37734
41375
42282
39088
36453
96578
44849
1269835
145052
43020
41947
44849
1269859
38300
41097
37103
44849
1269864
567251
36296
38156
40223
36489
36485
42242
44849
1269853
600209
207335
38128
39343
44849
1269833
44074
373776
44849
1269847
43951
567253
42550
43392
37734
567250
1243282
42187
44849
1269839
44849
1269870
44849
405071
44849
1269837
42482
572377
572377
39797
42658
40501
37734
44849
1269889
567810
36512
96517
41292
44849
1269892
44849
1269842
373789
43268
668036
572377
37734
39692
599954
44849
1269867
1433467
42723
567256
38156
35767
1433467
44611
599952
373779
38156
39122
41523
1771508
37270
43390
310431
37734
40179
39506
953530
373781
44849
1269882
37283
953530
158258
43961
143281
632064
44849
1269669
1433467
373778
36077
36435
405540
38308
37105
41835
42040
373775
1433467
217285
217293
138436
44614
41631
222012
1243686
1243685
1243486
40625
40495
44849
1269874
914848
40459
1243672
142891
42818
224547
36630
38627
42456
1433467
41814
600206
37687
37676
37522
373788
42693
40380
41367
37675
37131
42174
44849
35891
42541
37734
96506
41435
44849
1269840
158834
1433467
142923
44158
40011
44849
38925
44849
1269886
40408
145048
44849
1269887
1276875
38805
44003
39133
44849
1269884
39418
44701
36326
96507
44702
597438
145031
44849
1269852
40155
37532
44558
44849
1269876
1433467
39147
1433467
373790
36252
145055
38622
37317
36460
1327834
42517
44849
1269843
667958
703219
668043
40407
668030
38591
574374
39641
748577
38893
44849
1269890
37733
1415709
41007
1433467
1433467
36694
36837
41610
1433467
44849
1269869
37733
1415742
44488
42504
41674
38553
36945
39171
44849
1269860
40950
767287
654494
405067
44849
1269875
405434
39894
127907
38899
38834
41762
158828
394931
44849
1269846
44546
373791
37773
44849
1269885
37739
37181
44849
1269838
44097
38653
1433467
207342
37734
39638
44849
1269848
36430
41021
44849
1269844
42349
39299
43673
41311
44849
1269854
44279
43446
572377
41679
36813
41889
40884
42617
42281
40886
127910
38951
41672
631373
43598
43464
1245029
224541
44503
37733
1415712
668044
44423
37956
37733
1415759
41063
573125
1433467
36835
42404
39575
37733
1415780
37180
44849
1269863
38216
37733
1415773
37827
44849
1269866
1528626
617902
1433467
36171
43227
43607
437082
43461
1433467
38429
43390
1433467
169445
42084
37853
36667
36841
36429
40830
39711
577016
40876
40956
567258
42909
43522
44430
36303
41526
1206695
1243301
44778
42616
37733
1415708
38614
42627
43246
39638
43599
38518
40877
1270278
38995
40664
36462
41218
36446
37734
38791
577020
44191
37733
1415703
44336
42310
39080
38929
1273350
44616
37784
43499
40933
38156
1528592
37652
43611
36058
35949
44118
44157
39620
44331
42185
42837
36883
37642
42184
39608
41335
37130
40440
36748
1270094
1270196
41070
38677
44330
1270116
1270049
35907
42237
40035
1270061
1270090
1270047
40035
40035
38699
1270120
43382
1270123
40035
36423
41286
43566
39093
41616
38873
40174
38612
40906
40035
41617
44727
41775
40035
38577
40035
36263
42280
37789
37613
40035
36535
40588
40035
39803
36100
37865
39135
36423
36100
40035
37734
44684
36100
36423
36423
647626
36100
36423
37734
36100
36423
40297
37734
37296
36423
36100
36583
42848
36423
36100
35739
38510
43540
37418
41661
706807
42731
36015
39058
38044
43290
36099
577018
36903
43940
145162
42135
577015
43284
40049
1529103
617902
37733
1415779
41612
1499288
35856
44849
43684
569625
36262
37734
39192
36680
37733
1415716
668053
1597507
217637
39214
38802
38048
577021
617902
1768713
1433467
37677
41542
529685
42101
569475
112684
41828
617902
37734
1768715
309627
36461
43962
617902
39764
44567
748671
38675
35869
617902
37586
41068
37733
36329
41632
40177
44402
40154
617902
42297
38715
569476
133671
37734
1768894
38045
44142
127910
38742
40936
143011
37481
38649
43444
36354
405077
44849
40179
468067
37158
37734
37734
373777
617902
617902
39071
43162
44778
44647
1277218
39185
96579
43195
43315
38264
617902
38999
1270290
43929
577017
1528971
44778
40739
44496
577028
38764
1118264
44778
617902
43877
37343
42879
39123
1270312
1502226
42454
617902
40324
41645
42219
35882
39563
40316
35973
39038
577024
1768675
217635
1498838
44778
1270293
38169
44590
37660
39903
1270306
36485
43860
44778
43920
38410
41885
1270248
1270317
1270281
40193
39010
468211
617902
36261
41522
42529
44849
36730
572377
127909
43233
43194
127904
43378
37237
1247767
617902
43270
577025
217631
217633
1253156
44778
36911
1270253
577014
40502
44778
44778
40391
42859
42664
39504
529688
38058
617902
40898
1270336
40950
37276
38124
44810
43670
617902
617902
617902
572377
572377
43054
1270266
39106
572377
572377
37365
36962
43461
529687
39692
44552
36252
36570
43395
572377
40714
577019
577011
36035
572377
617902
41627
38156
572377
1270262
1270291
43686
577012
1270334
1270321
40085
39146
38921
1771612
572377
38731
43909
43476
1270324
746182
36412
44268
39261
35900
43298
40778
41562
1527947
37291
37991
1270258
1270245
1270326
1270257
1502227
1528994
41400
617902
572377
1270316
43368
1270335
43556
37320
1396886
37096
38516
36793
36961
43857
37268
1772720
127909
1273367
572377
38518
1773048
40744
41989
39022
617902
38806
572377
309612
44849
40974
617902
37380
40466
42811
42156
41523
161104
37660
572377
879844
40173
572377
38514
41600
572377
1270327
37956
42899
37814
1243287
43857
572377
44249
40739
42134
879855
742305
617902
572377
1270313
38702
36798
572377
572377
572377
264353
38542
43423
37617
617902
161107
41746
41245
742622
742621
572377
40631
38698
40191
1270267
1226775
41227
39068
572377
572377
572377
617902
572377
572377
617902
572377
35895
572377
37231
1130277
36423
1771506
572377
767169
1768887
42048
901320
572377
1270325
37712
1270255
38459
43233
767152
36423
742546
44553
572377
37293
42039
617902
39198
572377
572377
41431
617902
36423
37827
36423
37726
36423
224562
41930
36961
36962
38731
43444
37514
37875
44514
1062227
1243255
36423
161092
161101
893391
161103
36423
36423
39019
36423
36423
36423
36423
37365
36423
36423
44337
41766
41425
36423
1243288
36423
35945
426036
39642
36423
39796
36423
36423
1243004
40075
35829
36330
37760
37781
44503
112432
768040
953530
1244991
36423
1772717
36423
38139
36423
161099
44849
1269834
1771395
573407
41600
36423
224563
886976
36423
573445
36423
36423
36423
36423
36024
36423
36423
36423
1243291
161089
36423
37743
1104391
224565
224566
161096
224536
573473
39207
1771487
37727
41218
161102
161110
37621
1772715
44487
44487
37566
36423
149823
41409
36762
1768140
1531828
1270339
161098
886617
879853
36821
879850
380276
36316
38525
41192
1135629
1531830
37078
224567
1771396
42251
309612
39136
1768898
42440
44469
39274
1118264
37620
879846
1243508
42797
44486
879848
37796
44557
36423
36423
44177
44177
572377
36525
159924
37504
1060129
40561
1531817
380888
1772707
43476
39958
39958
377704
42713
1768666
647626
895101
895100
621224
1433469
40529
41626
1769622
39859
395027
43740
893401
37212
377693
35939
1870937
41186
1270341
572377
596108
596108
1433469
886973
41219
39968
374894
377692
541630
879854
1529025
1769586
1531819
596108
596108
596108
1768888
380889
541627
596108
596108
1104450
572377
596108
596108
596108
596108
596108
596108
596108
596108
572377
541634
596108
572377
36647
596108
596108
43555
1771606
1771600
158462
596108
44194
541629
1343488
1433469
596108
596108
1528963
224560
1771603
377700
224521
158515
596108
44426
1769612
42330
953525
40168
1771605
596108
596108
541638
43647
541632
40802
1771608
596108
596108
36147
43696
572377
596108
953525
883911
35824
159926
1771601
62968
224529
1273354
42392
1270413
1771486
596108
953509
1771604
264372
224545
42665
159925
594494
953509
596108
42392
1270389
36359
42392
159923
42392
37019
42392
1270396
572377
127894
39642
42392
1270408
158491
42392
42392
1270367
36527
37772
572377
42392
1270404
1529361
44259
44259
42392
1270391
572377
42392
37579
617582
1769617
42392
415354
40339
43671
1433467
375525
887190
39229
1433467
1273342
572377
895126
1771484
37733
1415715
1433468
42392
1270431
572377
395085
224995
1529345
1433469
264354
1433469
1771465
1433467
1433467
42392
42392
42392
42392
42392
42392
42392
1270377
1270427
1270429
42392
42392
35812
42783
36097
224995
1771485
1243009
39550
1104450
1529169
376200
83223
39467
893484
35975
38139
1433467
1433467
83223
1433467
40911
83223
83223
83223
1529164
83223
1433467
36782
572377
83223
1772718
893404
1433467
1433467
1199624
158501
37726
83223
83223
42392
1270416
1246341
1246347
425613
83223
83223
83223
83223
572377
83223
83223
83223
1528082
83223
1529372
83223
42392
42113
1243518
1433467
1433467
42392
577026
83223
83223
40521
36761
1433468
83223
42392
1433467
83223
38716
1246341
1246347
42392
36893
42338
1433468
36293
1433468
83223
83223
83223
1433467
83223
572377
83223
83223
572377
42392
1270430
83223
83223
83223
42392
1270434
83223
1433468
83223
83223
83223
37018
83223
83223
83223
1433467
83223
42392
42392
1270420
83223
83223
83223
83223
83223
83223
39740
38314
83223
83223
83223
83223
40846
83223
83223
42604
83223
1433469
41289
83223
83223
42392
1270414
83223
83223
41289
1243496
83223
41202
83223
83223
1433467
83223
1433467
1433467
37674
83223
1117870
83223
83223
42392
1270392
83223
83223
83223
39186
41930
1433467
1062017
1433467
1772664
83223
83223
41314
83223
1003564
40612
83223
224557
38163
38163
83223
1433467
83223
1728134
1433467
41289
1433467
83223
1433467
42392
1772697
83223
1433467
1433469
148556
83223
83223
39740
83223
376101
83223
1433467
42392
1270401
83223
893399
41657
83223
83223
374920
83223
83223
83223
83223
83223
207349
41289
41289
41289
41289
83223
83223
83223
1277103
83223
577022
1536344
41289
43287
41289
41289
42392
1270409
42392
41289
83223
726284
83223
37393
83223
377644
83223
83223
83223
1433467
41289
224559
1433467
83223
41289
158650
1148734
893477
879851
1433467
1467089
41289
83223
83223
42392
41289
83223
83223
41289
42392
374912
41289
41289
83223
41289
41289
41289
83223
83223
83223
895116
41289
83223
41289
41289
41289
83223
83223
41289
40210
83223
41289
44551
572377
1433467
1433467
41289
572377
38738
1772685
83223
83223
83223
41289
41289
44849
1269850
83223
36508
41289
83223
44486
62490
41289
41289
43049
83223
41289
572377
40391
541642
1433467
41289
41289
41289
1270109
83223
83223
83223
1414571
1433467
83223
41289
37018
1065256
41289
40065
39024
1433467
41289
83223
1433467
1278799
281887
879835
886618
41289
83223
39220
39160
41289
37717
42392
41289
41289
44849
1269891
42392
42392
42392
42392
42392
42392
42392
42392
42392
1270355
1270403
1270412
41289
41289
41289
41289
41289
1268297
37621
41289
886616
41289
41289
44551
83223
41289
41289
83223
41289
41289
224561
36708
37017
1772695
35844
41289
37828
41289
1433467
44849
1269880
37107
42392
90959
386183
41289
36476
36476
83223
42903
36812
36778
36805
83223
41444
224976
41289
42903
158440
41289
41289
44849
1269862
41289
83223
40615
44849
1269881
1433467
1433467
41289
41289
1268299
572377
38389
41289
41289
41394
41289
41289
42344
41241
1433467
1433467
36178
39179
142868
83223
594181
41289
36292
37757
37757
1277111
35978
42343
41115
41289
83291
567927
374923
38979
38979
41289
44131
893473
35824
41289
35978
953540
36878
41459
1433468
1433468
38314
41289
41289
1433468
41289
41384
1062036
39675
41289
41337
41387
895125
1771609
44849
1269883
42344
43936
1433467
38994
41290
883903
44705
44011
1277145
40823
40823
40597
41289
1130277
210869
1528754
1321769
42338
41289
1528749
143869
36528
1433468
1433468
1433468
1433468
1433468
36244
1498871
36560
158514
43846
1536344
38958
35971
953483
42605
43399
37900
44778
158512
158513
41318
36531
896313
1498755
36197
39046
40135
36531
42320
1321771
41657
375383
1433468
41386
1428192
40696
37118
37118
44405
44405
143005
1433468
44048
62309
1433468
83223
44017
37019
37544
953483
41741
1433468
1433468
42619
415360
255335
42397
1773046
1539332
44549
38256
42618
40035
40453
1433468
40035
40035
42197
42197
1433468
43384
40119
40035
158495
595542
42619
42028
40035
40035
1433468
1277206
40035
36579
40396
44379
44379
1433468
42123
35945
36527
1433468
42542
1467089
158445
40133
40133
43253
37251
37881
1433468
42066
1528585
42619
1414555
42345
37797
41387
1278793
1277162
41425
44713
41763
43365
39276
40035
1528743
441288
36016
895117
42980
42980
40717
40717
1433468
158490
36528
40333
41541
861270
37302
1278807
1277207
37932
35823
35823
1321766
415351
42474
36657
43003
1278789
861270
39382
272362
41845
1433468
1433468
38038
42619
1414551
1277185
1267786
1274928
1274933
1274935
1274939
1274993
1274996
1277748
1277751
1277753
1277754
1277755
1277756
1277785
1277789
1277790
1279122
1279131
1279132
1279133
1279412
1279823
1279826
1279828
1279831
1279835
1279871
1279918
1279919
1282880
1282881
1282882
1282883
1282884
1282885
1294271
1294275
1294276
1294302
1294305
1294306
1294307
1294311
1294312
1294313
1294318
1294320
1294325
1294327
1294338
1294342
1294346
1294349
1294355
1294359
1294360
1294366
1294369
1294371
1294376
1294382
1294384
1294461
1294463
1294474
1294476
1294477
1294493
1294497
1294500
1294502
1294506
1294507
1294509
1294513
1294515
1294918
1294926
1294928
1296378
1296931
1296936
1296937
1300361
1300366
1300367
1300794
1300796
1300797
1301047
1301058
1301060
1301086
1301089
1301158
1301325
1301326
1301327
1301328
1301329
1301330
1301331
1301337
1301338
1302455
1302470
1302486
1302494
1302537
1302546
1302644
1302672
1302691
1302692
1302840
1303072
1307533
1307538
1307910
1307921
1307928
1307964
1307966
1307969
1307972
1307974
1307975
1307976
1308020
1308026
1308027
1308030
1308031
1308032
1308111
1308113
1308118
861270
861270
40035
40035
40035
40035
40035
40035
40035
40035
40035
40035
40035
40035
42552
560868
1267657
1267661
1274941
1274948
1274949
1276959
1276961
1276962
1276968
1276974
1276976
1277067
1277072
1277073
1277805
1277809
1277811
1277815
1277821
1277823
1277829
1277832
1277839
1277856
1277864
1277867
1278174
1278175
1278177
1279135
1279138
1279141
1279141
1279488
1279492
1279493
1279760
1279762
1279763
1279771
1279773
1279774
1282382
1282383
1282384
1282387
1282390
1282391
1282409
1282412
1282413
1282546
1282547
1282548
1282759
1282760
1282761
1282850
1282852
1282853
1282864
1282867
1282868
1282870
1282871
1282872
1294240
1294244
1294245
1294247
1294249
1294250
1294278
1294281
1294543
1294546
1294548
1294687
1294689
1294957
1294963
1294966
1294968
1294970
1294972
1295004
1295008
1295012
1295014
1295018
1295020
1295447
1295451
1295487
1295488
1295514
1295569
1295577
1295578
1295586
1295593
1295601
1295608
1295902
1295910
1295911
1295956
1295961
1296001
1296006
1296007
1296383
1296384
1296386
1296400
1296407
1296409
1296411
1296419
1296420
1296422
1296427
1296428
1296438
1296547
1296548
1296549
1296631
1296632
1296735
1296736
1296738
1296786
1296794
1296795
1296833
1296839
1296841
1296928
1300099
1300100
1300101
1300117
1300118
1300119
1300334
1300335
1300337
1300338
1300343
1300706
1300708
1300709
1300710
1300711
1300712
1300717
1300718
1300719
1300763
1300769
1302466
1302466
893408
40178
861270
861270
36451
42193
42320
861270
1433468
43593
861270
39045
158544
43907
37319
861270
38969
1528953
37252
415361
1278793
861270
1428192
220248
861270
861270
37704
861270
861270
1266910
1266918
1266921
1266962
1266967
1266968
1267124
1267125
1267126
1267180
1267185
1267186
1267201
1267204
1267205
1267235
1267239
1267241
1267270
1267274
1267276
1267307
1267309
1267312
1267721
1267724
1267726
1267744
1267746
1267747
1274921
1274925
1274967
1274972
1275000
1275060
1275062
1275064
1276953
1276956
1276958
1277034
1277036
1277037
1277040
1277045
1277046
1277047
1277052
1277054
1277056
1277058
1277060
1277062
1277064
1277066
1277116
1277122
1277124
1277268
1277269
1277270
1277271
1277272
1277714
1278012
1278019
1278019
1278130
1278131
1278132
1278279
1278283
1278286
1278292
1278298
1278299
1278877
1278878
1278879
1278880
1278951
1278954
1278956
1278961
1278976
1278983
1279430
1279432
1279448
1279451
1279452
1279461
1279464
1279466
1279469
1279594
1279604
1279605
1279619
1279628
1279630
1279754
1279755
1279926
1279928
1282380
1282381
1282535
1282538
1282782
1282787
1282818
1282820
1282821
1282823
1282825
1282888
1282891
1282892
1282894
1282897
1294646
1294649
1295460
1295465
1295466
1295469
1295471
1295472
1295473
1295474
1295989
1295991
1295992
1296065
1296066
1296067
1296440
1296442
1296443
1296489
1296493
1296900
1296906
1300105
1300106
1300107
1302353
1302355
1302356
1302393
1302418
1302422
1302439
1302464
1302488
1302541
1302543
1302544
1302547
1302550
1302571
1302572
1302579
1302581
1302582
1302584
1302585
1302588
1302661
1302678
1302690
1302694
1302849
1302853
1302855
1302860
1302861
1302867
1302869
1302879
1302914
1303097
1303100
1307536
1307590
1307612
1307615
1307632
1307649
1307902
1307904
1307944
1308023
1308092
1772687
158467
861270
39958
861270
861270
38040
896231
40561
1278803
861270
861270
861270
861270
1254645
1266882
1266883
1266884
1266889
1266890
1266891
1267342
1267353
1267354
1267593
1267594
1267597
1267600
1267610
1267613
1267617
1267623
1267625
1267629
1267638
1267641
1267646
1267649
1267650
1267652
1267654
1267655
1267677
1267679
1267680
1267703
1267707
1267709
1274902
1274908
1274910
1274911
1274912
1274913
1274914
1274917
1275090
1275092
1275093
1276922
1276923
1276924
1277001
1277005
1277006
1277125
1277130
1277132
1277727
1277728
1277729
1277741
1277743
1277744
1278136
1278137
1278138
1278185
1278188
1278189
1278201
1278208
1278209
1278219
1278225
1278256
1278259
1278261
1278264
1278266
1278271
1278273
1278276
1279024
1279034
1279037
1279050
1279056
1279060
1279071
1279075
1279076
1279419
1279421
1279485
1279486
1279487
1279578
1279590
1279592
1279659
1279660
1279663
1279664
1279667
1279668
1279756
1282453
1282458
1282459
1294254
1294257
1294258
1294831
1294832
1294833
1295517
1295519
1295521
1295522
1295528
1295537
1295541
1295546
1295547
1295632
1295635
1295636
1295856
1295857
1295858
1295859
1295861
1295862
1295863
1295864
1295865
1295866
1295867
1295868
1295869
1295870
1295872
1295875
1295877
1295878
1295880
1295882
1295884
1295885
1295886
1295887
1295888
1295889
1295890
1295894
1295896
1296495
1296499
1296500
1296502
1296504
1296505
1296508
1296510
1296514
1296516
1296921
1296927
1300181
1300185
1300187
1300225
1300233
1300236
1300347
1300348
1300349
1300356
1300358
1300359
1300636
1300637
1300638
1300771
1300775
1300776
1302437
1302460
1302487
1302559
1302563
1302578
1302586
1302590
1302655
1302659
1302666
1302673
1302832
1302833
1302834
1302835
1302847
1302865
1302882
1303059
1307539
1341846
1341847
39535
36767
861270
861270
42474
36233
44177
861270
861270
36988
42619
1414575
1273375
42619
1414567
861270
42619
1414577
35812
40035
1772706
861270
861270
861270
42619
36807
40035
529722
861270
861270
35954
861270
896302
861270
861270
1062218
375376
40035
560870
1254644
1266512
1266588
1266592
1266595
1266597
1266599
1267127
1267129
1267130
1267132
1267133
1267136
1267208
1267209
1267211
1267213
1267220
1267222
1267317
1267330
1267333
1267781
1267784
1276944
1276947
1276948
1277724
1277725
1277726
1277737
1277738
1277740
1277930
1277934
1277935
1277937
1277939
1277940
1277947
1277948
1277949
1277950
1277956
1277961
1277993
1277996
1277998
1277999
1278001
1278002
1279041
1279047
1279049
1279401
1279403
1279404
1279433
1279435
1279436
1279472
1279479
1279565
1279576
1279577
1279607
1279615
1279618
1279732
1279734
1279735
1279736
1279737
1279738
1279740
1279741
1279742
1279743
1279932
1279934
1279935
1282433
1282437
1282438
1282440
1282443
1282445
1282550
1282551
1282552
1282567
1282570
1282576
1282578
1282582
1282587
1282588
1282763
1282765
1282766
1282771
1282773
1282774
1282776
1282778
1282920
1282923
1282927
1282930
1282931
1294710
1294711
1294712
1294713
1294714
1294722
1294723
1294724
1294735
1294737
1294739
1294769
1294779
1294780
1294783
1294784
1294785
1294800
1294802
1294803
1294804
1294808
1294809
1295453
1295454
1295456
1295897
1295899
1295901
1295963
1295969
1295971
1295994
1295998
1295999
1296350
1296359
1296361
1296364
1296445
1296448
1296453
1296455
1296456
1296482
1296485
1296486
1296651
1296652
1296653
1296912
1296918
1300125
1300128
1300129
1300130
1300134
1300135
1300173
1300177
1300178
1300208
1300210
1300211
1300799
1300801
1300802
1300805
1300807
1300808
1302965
1341842
36893
41231
426039
861270
1771732
42619
35737
36041
42619
1414569
1433468
42619
41150
37576
43944
42619
1414557
38386
1273379
425984
40035
37874
386215
42619
1414561
41238
62912
40035
42619
42619
41231
1266858
1266867
1267763
1267765
1267767
1275075
1275077
1275078
1277110
1277113
1277115
1277715
1277716
1277717
1277745
1277746
1277747
1277794
1277800
1277803
1278146
1278148
1278149
1278165
1278166
1278167
1278169
1278170
1278171
1279392
1279394
1279634
1279642
1279758
1279759
1279765
1279767
1279768
1279769
1279837
1282461
1282464
1282827
1282837
1282855
1282857
1282858
1282886
1282887
1282934
1282939
1282945
1282949
1282952
1282956
1282958
1282962
1282968
1282969
1282971
1294219
1294220
1294221
1294223
1294224
1294225
1294230
1294232
1294233
1294235
1294237
1294238
1294239
1294519
1294527
1294528
1294533
1294536
1294538
1294575
1294585
1294586
1294588
1294588
1294589
1294589
1294591
1294591
1294592
1294594
1294595
1294973
1294979
1294981
1295643
1295646
1295647
1296068
1296070
1296071
1296387
1296391
1296393
1296394
1296396
1296397
1296431
1296434
1296436
1296538
1296539
1296540
1296541
1296544
1296545
1296798
1296805
1296808
1300213
1300220
1300222
1300320
1300323
1300324
1300325
1300326
1300327
1300328
1300329
1300332
1300633
1300634
1300635
1300639
1300641
1300642
1300643
1300644
1300645
1300647
1300648
1300649
1300650
1300651
1300652
1300653
1300654
1300655
1300657
1300658
1300659
1300668
1300670
1300671
1300673
1300675
1300677
1300684
1300685
1300686
1300687
1300688
1300689
1300786
1300787
1300788
1301161
1301217
1301311
1301312
1301313
1301314
1301316
1301318
1301320
1301321
1301323
1301324
1301335
1301339
1301342
1301344
1301345
1301360
1301384
1301386
1302348
1302358
1302406
1302424
1302427
1302429
1302480
1302481
1302533
1302549
1302576
1302577
1302646
1302653
1302671
1302679
1302685
1302852
1302874
1302982
1302999
1303005
1303006
1303016
1303019
1303020
1303022
1303023
1303024
1303029
1303032
1303060
1303061
1303064
1307530
1307531
1307587
1307603
1307614
1307616
1307620
1307621
1307643
1307660
1307924
1307925
1307930
1307934
1307936
1307936
1307938
1307949
1307950
1307953
1308022
1308025
1308086
1308089
1308098
1308102
1308106
1308109
1308162
41186
861270
861270
1498838
39992
41301
1275014
1275018
1275095
1275097
1275098
1276914
1276916
1276918
1276919
1276920
1276921
1277718
1277721
1277722
1278124
1278125
1278126
1278127
1278128
1278129
1279806
1279807
1279808
1279809
1279810
1279811
1279812
1279814
1279815
1279817
1279821
1279822
1282745
1282746
1282747
1282898
1282900
1282901
1294297
1294298
1294300
1294824
1294827
1294829
1295476
1295478
1295479
1296324
1296333
1296334
1296334
1296567
1296569
1296570
1296575
1296576
1296577
1296628
1296629
1296630
1296949
1296957
1296958
1296959
1296965
1296968
1300102
1300103
1300104
1302569
1341843
40035
1270052
37588
883913
220252
386218
44631
44259
1120816
43857
42980
1266893
1266896
1267191
1267194
1267196
1267672
1267674
1267675
1267686
1267693
1267695
1274975
1274978
1278191
1278194
1278195
1278197
1278199
1278200
1279079
1279082
1279085
1279090
1279093
1279102
1279453
1279456
1279559
1279878
1279914
1279915
1279916
1279917
1279920
1279922
1279923
1279924
1282543
1282545
1294263
1294265
1294267
1294904
1294914
1295984
1295985
1295987
1296289
1296291
1296293
1296636
1296637
1296638
1296729
1296732
1296734
1300315
1300319
1300619
1300620
1300621
1300622
1300623
1300624
1300660
1300661
1300662
1301056
1301094
1301100
1301103
1301110
1301149
1301193
1301206
1301349
1301350
1301351
1301352
1301361
1301385
1301414
1302391
1302457
1302458
1302467
1302469
1302472
1302477
1302489
1302498
1302532
1302535
1302656
1302839
1302844
1302850
1302851
1302868
1303018
1303027
1303031
1303039
1307542
1307566
1307609
1307633
1307912
1308028
1308123
1266600
1266611
1266613
1266808
1266811
1266812
1266885
1266886
1266887
1267120
1267122
1267123
1267147
1267151
1267152
1267163
1267165
1267167
1274952
1274955
1274958
1274961
1274963
1275003
1275008
1275021
1275028
1275028
1275087
1275088
1275089
1275104
1275106
1275107
1276964
1276966
1276967
1276977
1276980
1276982
1276984
1277009
1277012
1277013
1277161
1277172
1277176
1277187
1277189
1277190
1277730
1277731
1277732
1277872
1277891
1277894
1277897
1277903
1277909
1277917
1277926
1277927
1278139
1278140
1278141
1278142
1278143
1278144
1278151
1278152
1278154
1278282
1278284
1278980
1278988
1279065
1279070
1279649
1279656
1279658
1279661
1279662
1279665
1279666
1279786
1279788
1279845
1279849
1282940
1282944
1282966
1282967
1294226
1294228
1294229
1294725
1294727
1294728
1294937
1294947
1294948
1295480
1295483
1295484
1295498
1295504
1295506
1295614
1295619
1296117
1296123
1296124
1296281
1296283
1296284
1296285
1296287
1296288
1296318
1296321
1296322
1296572
1296573
1296574
1296645
1296646
1296647
1296647
1296648
1296649
1296650
1296772
1296777
1296783
1300238
1300242
1300351
1300354
1300355
1300368
1300371
1300373
1300378
1300379
1300380
1300382
1300384
1300385
1300509
1300510
1300512
1300513
1300515
1300517
1300529
1300532
1300534
1300608
1300609
1300610
1300611
1300612
1300613
1300790
1300792
1300793
1300821
1300865
1300866
1300868
1300872
1300875
1300934
1300940
1300941
1301040
1301040
1301042
1301119
1301124
1301130
1301152
1301319
1301322
1302335
1302419
1302440
1302443
1302445
1302448
1302450
1302500
1302545
1302551
1302552
1302553
1302555
1302557
1302561
1302565
1302574
1302587
1302658
1302664
1302683
1302686
1302688
1302836
1302841
1302842
1302848
1302856
1302859
1302866
1302870
1302970
1302974
1303008
1303063
1303065
1303067
1303069
1303070
1303073
1303075
1303076
1303089
1307545
1307547
1307577
1307588
1307598
1307610
1307645
1307653
1307656
1307813
1307909
1307951
1307954
1308019
1308134
40035
35929
44411
375380
37372
35721
42619
1414578
43892
861270
861270
42619
1414563
42619
38979
42345
37118
43365
42344
44379
40133
861270
36528
41384
42619
1414565
1460937
40035
42619
43644
42543
861270
42619
383575
1120816
38163
39382
41657
1276871
40333
42619
35823
44405
42619
39670
40035
39887
44487
40717
42320
895129
42619
1414558
41932
41862
39874
37302
35945
42197
36476
41387
35824
861270
861270
44849
1269879
38255
38392
37019
37757
39222
90710
425979
39525
39391
41765
40035
36527
37018
40823
38583
43671
37661
44778
1528098
625342
42619
42619
42619
42619
42619
1414573
1527970
149823
38428
41374
36557
1343497
445462
40158
37102
39911
621226
1665401
39403
1772713
39889
38961
40035
1888700
383465
1461017
41984
40468
36557
36557
41278
425982
224543
622444
1528945
40779
36557
36557
36557
38156
38156
1495632
43126
36557
1062406
36557
36089
36557
405074
36557
42771
425982
38142
38142
38142
38142
38142
38142
38142
38142
38142
38142
38142
36557
36557
35741
36557
41680
883663
36557
36557
37662
36557
44206
1771507
44397
38156
38156
39853
36557
36557
36557
36557
36557
36557
36557
36557
1270331
38156
38142
38142
38142
38142
38142
38142
38142
38142
38142
38142
38142
38142
38142
38142
38142
38142
41353
44396
41210
36557
36557
39217
41360
42692
142886
577802
154713
39984
43551
40035
44209
425981
41493
36557
44837
38142
38142
38142
38142
38142
38142
38142
38142
38142
1121664
1768138
44228
41868
879831
38142
224552
42619
36557
36557
36557
36557
36557
36557
36557
40589
36557
40381
567815
36557
281854
36557
36557
158554
1772658
38142
38142
38142
38142
38142
38142
38142
38142
38142
38142
38142
38142
38142
38142
38142
38142
38142
38142
38142
38142
38142
38142
40132
1498710
565740
1439222
41290
38156
567984
567979
38401
43424
224540
617587
37102
37785
38738
39007
41702
42694
91467
893479
1266796
1266803
1266804
1266805
1266806
1266807
1266818
1266819
1266821
1266835
1266838
1266842
1266975
1266988
1266991
1266997
1267001
1267002
1267224
1267228
1267230
1267280
1267287
1267289
1267294
1267298
1267299
1267713
1267716
1267717
1267748
1267753
1267754
1267769
1267772
1267774
1274985
1274988
1274989
1274990
1274992
1275039
1275045
1275066
1275069
1275070
1275100
1275101
1275102
1276987
1276996
1276999
1277136
1277139
1277140
1278004
1278007
1278009
1278021
1278024
1278025
1278133
1278134
1278135
1278179
1278181
1278183
1278210
1278215
1278216
1279117
1279121
1279395
1279397
1279398
1279399
1279405
1279407
1279408
1279410
1279422
1279424
1279425
1279426
1279427
1279429
1279437
1279441
1279444
1279447
1279457
1279460
1279744
1279746
1279748
1279749
1279750
1279751
1279850
1279857
1279860
1279864
1279929
1279930
1282366
1282367
1282368
1282369
1282370
1282372
1282375
1282376
1282377
1282378
1282394
1282397
1282399
1282401
1282402
1282403
1282406
1282426
1282428
1282430
1282432
1282446
1282449
1282451
1282466
1282470
1282471
1282475
1282476
1282479
1282480
1282482
1282484
1282485
1282488
1282492
1282495
1282496
1282497
1282540
1282542
1282554
1282562
1282592
1282594
1282595
1282604
1282607
1282609
1282742
1282743
1282744
1282750
1282751
1282752
1282753
1282754
1282755
1282767
1282768
1282769
1282789
1282791
1282792
1282794
1282796
1282797
1282798
1282839
1282841
1282843
1282846
1282847
1282889
1282890
1294466
1294470
1294473
1294478
1294481
1294482
1294483
1294485
1294487
1294489
1294491
1294599
1294605
1294607
1294611
1294616
1294628
1294630
1294631
1294632
1294638
1294641
1294642
1294643
1294645
1294650
1294654
1294691
1294694
1294695
1294698
1294702
1294704
1294705
1294708
1294709
1294715
1294717
1294718
1294719
1294720
1294721
1294729
1294731
1294732
1294742
1294767
1294786
1294789
1294790
1294793
1294794
1294796
1294797
1294811
1294814
1294816
1294817
1294835
1294836
1294844
1294846
1294847
1294848
1294849
1294851
1294856
1294859
1294861
1294862
1294865
1294866
1294869
1294871
1294874
1294879
1294882
1294884
1294886
1294891
1294893
1294899
1295508
1295512
1295513
1295553
1295556
1295557
1295560
1295564
1295565
1295621
1295623
1295624
1295626
1295629
1295631
1295950
1295953
1295954
1295975
1295981
1295982
1296073
1296077
1296078
1296080
1296087
1296090
1296099
1296103
1296105
1296106
1296108
1296109
1296110
1296114
1296115
1296151
1296154
1296155
1296157
1296159
1296161
1296162
1296168
1296170
1296336
1296345
1296346
1296380
1296381
1296517
1296519
1296520
1296523
1296524
1296525
1296527
1296529
1296530
1296532
1296535
1296537
1296550
1296552
1296553
1296633
1296634
1296635
1296639
1296640
1296641
1296642
1296643
1296644
1296654
1296655
1296656
1296739
1296742
1296743
1296744
1296748
1296749
1296763
1296765
1296766
1296768
1296770
1296771
1296811
1296822
1296828
1296847
1296849
1296850
1296854
1296860
1296863
1296868
1296874
1296940
1296944
1296947
1300096
1300097
1300098
1300108
1300110
1300111
1300112
1300113
1300115
1300116
1300121
1300122
1300124
1300137
1300139
1300140
1300143
1300145
1300147
1300150
1300151
1300152
1300153
1300155
1300156
1300170
1300171
1300172
1300188
1300195
1300196
1300198
1300203
1300204
1300244
1300249
1300250
1300253
1300255
1300256
1300266
1300271
1300272
1300518
1300519
1300520
1300521
1300522
1300523
1300524
1300525
1300527
1300614
1300615
1300616
1300617
1300618
1300625
1300626
1300628
1300629
1300631
1300632
1300691
1300692
1300693
1300695
1300701
1300703
1300720
1300723
1300724
1300725
1300728
1300730
1300731
1300736
1300739
1300740
1300742
1300743
1300750
1300752
1300753
1300755
1300758
1300761
1300810
1300813
1300817
1300818
1300819
1300820
1300943
1300946
1300947
1301051
1301064
1301069
1301077
1301083
1301091
1301108
1301113
1301116
1301134
1301138
1301143
1301147
1301154
1301156
1301164
1301168
1301170
1301172
1301181
1301184
1301186
1301187
1301191
1301192
1301194
1301197
1301198
1301200
1301203
1301210
1301212
1301216
1301218
1301315
1301317
1301332
1301333
1301334
1301336
1301346
1301348
1301353
1301355
1301356
1301357
1301362
1301364
1301365
1301367
1301370
1301371
1301372
1301375
1301376
1301378
1301379
1301381
1301383
1301408
1301410
1301411
1301412
1301413
1302359
1302361
1302362
1302364
1302366
1302375
1302376
1302377
1302378
1302379
1302380
1302381
1302384
1302385
1302387
1302388
1302389
1302395
1302398
1302399
1302400
1302403
1302404
1302408
1302412
1302414
1302415
1302417
1302421
1302426
1302453
1302456
1302468
1302482
1302490
1302491
1302492
1302493
1302496
1302534
1302536
1302538
1302539
1302540
1302542
1302548
1302558
1302568
1302591
1302647
1302649
1302657
1302676
1302682
1302695
1302837
1302838
1302843
1302845
1302854
1302857
1302858
1302862
1302863
1302872
1302888
1302890
1302972
1302976
1302988
1302992
1302994
1302998
1303000
1303009
1303011
1303012
1303013
1303021
1303025
1303034
1303035
1303036
1303038
1303066
1303078
1303087
1303088
1303092
1303093
1303095
1303096
1303098
1303099
1307532
1307534
1307535
1307537
1307540
1307541
1307543
1307544
1307546
1307567
1307568
1307571
1307573
1307574
1307584
1307591
1307594
1307595
1307597
1307601
1307611
1307613
1307617
1307619
1307622
1307624
1307626
1307628
1307629
1307630
1307634
1307636
1307637
1307638
1307642
1307644
1307647
1307657
1307686
1307690
1307694
1307699
1307704
1307708
1307711
1307812
1307814
1307815
1307816
1307817
1307819
1307895
1307897
1307899
1307900
1307901
1307913
1307914
1307916
1307920
1307923
1307940
1307945
1307946
1307947
1307968
1307971
1307980
1308021
1308024
1308029
1308095
1308137
1308144
1308146
1308152
1768762
38142
38142
38142
38142
38142
38142
38142
38142
38142
1062278
38156
38156
154705
38156
38156
38156
154714
38156
1528475
38156
38156
42992
38156
559198
38530
44722
38156
38156
38156
263821
38156
40005
38156
38156
38156
425982
38156
38156
38156
41514
38156
38156
38156
38156
38156
38156
38156
38156
38156
38156
38156
38156
38156
38156
38156
38156
38156
38156
38156
38156
38156
38156
38156
38156
38156
38156
38156
38156
38156
38156
38156
38156
38156
38156
38156
38156
38156
38156
38156
38156
38156
38156
38156
38156
38156
38156
38156
38156
38156
38156
38156
38156
38156
38156
38156
38156
38156
38156
38156
38156
38156
38156
38156
38156
38156
38156
38156
38156
38156
38156
36913
394974
40192
38156
44161
44213
42692
541626
879845
1461036
1527892
1226775
1433467
883918
1433467
42619
37138
386157
41018
375377
154715
41933
40243
43617
1527895
445476
879833
41368
41756
886977
1433469
1433469
1433469
1433469
1433469
1433469
883916
1433469
1433469
1433469
1433469
1433469
1433469
1536344
38460
569431
1433469
43184
1226775
1226775
1066722
597439
43303
712609
1499813
1226775
1499796
879828
37056
522235
127890
405068
1226775
1226775
38937
1226775
1226775
1226775
1226775
1226775
1226775
1226775
1226775
1226775
1226775
1226775
1226775
1226775
1226775
1226775
1226775
1226775
1226775
1226775
1226775
1226775
1226775
1226775
1226775
1226775
1226775
1226775
1226775
1226775
1226775
1226775
1226775
1226775
1226775
1226775
1226775
1226775
1226775
1226775
1226775
1226775
1226775
1226775
883897
1226775
1226775
1226775
1226775
1226775
1226775
1226775
1226775
1226775
1226775
1226775
1226775
1226775
1226775
1226775
1226775
1226775
1226775
567262
712628
1433469
1196183
1433469
1226775
1226775
1226775
1226775
1226775
1226775
1226775
1226775
1226775
1226775
1226775
1226775
37056
1226775
1226775
1226775
1226775
1226775
1226775
1499735
1343702
43680
224525
37149
1343684
1499824
1232051
35728
1226775
1226775
879842
1770189
1226775
217262
1343706
1343724
1343725
43260
1226775
1226775
1226775
1226775
1226775
137877
1226775
1499069
570167
42046
1499714
38431
217308
1529124
376247
376253
599783
1770187
405077
1460921
599853
376250
39966
530213
1499743
1770185
1433469
1768860
1770186
1433469
217290
1769625
1772666
217302
35747
1433469
599856
405070
1433469
1770183
1433469
40835
217307
1433469
1433469
415357
895131
426691
42758
43947
1433469
513754
158477
1433469
40538
36423
1433469
1433469
1433469
1433469
1460933
1433469
1433469
1433469
1433469
1433469
1772662
1433469
1433469
1433469
1433469
1433469
36423
426054
1433469
1433469
42553
1433469
1498753
40469
599789
1433469
408741
1433469
1433469
1771613
1433469
1433469
40987
41892
599787
36423
1528464
36423
36423
36423
36423
36423
36423
36423
36423
36538
599838
1772700
557558
599785
559795
1665774
570173
599791
378123
886615
378124
39407
1276786
895151
559173
570929
39448
38282
599847
599855
36611
879826
1499730
1528821
37260
38083
39076
1268290
893454
1226679
1226679
1226679
1226679
630544
561022
1528068
599878
39977
415226
1079848
40645
43766
415226
224502
1433469
37701
39804
1276791
1226679
1226679
1226679
1226679
1226679
1226679
1226679
1226679
405077
376473
44634
594497
37360
38769
35727
37898
886980
1226679
1226679
1226679
1226772
1226772
1226772
1226772
1226772
1226772
1226772
1226772
1226772
1226772
1226772
1226772
1226772
1226772
1226772
1226772
1226772
1226772
1226772
1226772
1226772
1226772
1226772
1226772
1226772
1226772
1226772
1226772
1226772
1226772
1226772
1226772
1226772
1226772
1226772
1226772
1226772
1226772
1226772
1226772
1226772
1226772
1226772
1226772
1226772
1226772
1226772
1226772
1226772
1226772
1226772
1226772
1226772
1226772
1226772
1226772
42598
1226772
43639
893409
40834
415334
210869
1433468
1226679
1226679
1226679
1226679
1226679
415323
43780
39802
1226679
1226679
1226679
1226679
1226679
1226679
1226679
1226679
38366
1226679
1226679
1226679
1226679
1226679
1226679
1226679
1605351
1226679
1528803
1539682
1226772
1187880
883902
1461045
43057
1226772
43275
1080237
43136
893457
1226772
41827
1226679
1226679
36533
559175
1531826
1226772
1433469
1433469
1433469
1433469
40796
43184
565758
41503
145161
41628
1226772
1531824
378128
1226679
1226679
1226679
1226679
1226679
1226679
1226679
1226679
1226679
1226679
158509
1433469
386037
44644
38215
42245
1528779
570177
1461081
1433469
42392
42392
41108
1450992
35729
549581
883667
1771733
158659
550210
550189
1528620
378125
1528074
1528503
210864
1529099
1527873
549534
37360
550198
549584
1771739
549589
549520
378141
893453
1460927
1529132
1529132
1531821
1772657
1439474
39064
549716
549535
43893
1772702
378131
594180
39820
549586
374905
378132
378138
40960
41943
1772701
42231
1772698
893472
445469
378135
378127
374905
1528772
43975
378133
41943
550572
41943
41943
41943
41943
41943
41943
41943
41943
41943
41943
41943
41943
41943
41943
41943
41943
41943
41943
41943
41943
41943
41943
41943
41943
41943
41943
41943
41943
41943
41943
41943
41943
41943
41943
41943
41943
41943
41943
41943
41943
41943
41943
41943
41943
41943
41943
41943
41943
41943
41943
41943
41943
41943
41943
41943
41943
41943
41943
41943
41943
41943
883920
1498756
1529390
1529040
1529420
1529512
1772703
1529678
1529375
378136
1772699
38717
1529427
415316
36122
41943
425614
1529050
36091
577803
41061
44693
1528766
893536
425615
37451
378129
39199
40962
42732
426690
1529132
43377
44427
632065
1529132
1499150
1529132
1529132
1529132
1529132
1529132
1529132
1529132
1529132
1529132
1529132
1529132
1529132
1529132
1529132
1529132
1529132
1529132
1529132
1529132
1529132
1529132
1529132
40111
577807
42094
1529058
1529144
36229
37405
37404
43764
40410
671068
378130
1528133
1122747
41546
39011
44673
550200
550981
893407
1529144
1433467
1772688
405077
38278
38506
1528130
1308094
1529144
250069
1433467
1433467
1529144
38377
1433467
1433467
579142
550964
1433467
1771610
38197
1433467
1476642
1305875
1276728
1433467
549531
893468
579142
42073
1527601
36223
43812
1433467
1433467
893533
42392
1433467
1498572
37386
42392
42392
377698
42392
41428
44783
377690
1529144
377703
593832
380084
1433467
38456
43376
380266
1529144
1529144
377699
36222
1529144
380265
377688
38661
42075
599803
375515
44543
1433467
597437
375514
42392
42392
42392
42392
42392
1270400
42392
42392
42392
42392
40016
1771509
599811
40683
527496
37386
37386
37386
37386
37386
37386
37386
37386
37386
37386
37386
37386
37386
37386
37386
37386
37386
37386
37386
37386
37386
37386
37386
37386
37386
37386
37386
37386
37386
37386
37386
37386
37386
37386
37386
37386
37386
37386
37386
37386
37386
37386
37386
37386
37386
37386
37386
37386
37386
37386
37386
37386
37386
37386
37386
37386
37386
37386
37386
37386
37386
37386
37386
37386
37386
37386
37386
37386
37386
37386
37386
375519
1665406
375538
42841
1772716
415228
42392
1665207
42392
1772693
375537
651145
42212
42392
35844
37386
37386
599641
599830
599876
599781
1527558
1771611
599857
599793
599814
599862
599822
42392
599779
599859
599831
37386
42392
37386
1772708
42392
38142
38142
36557
577809
44159
599858
36557
42392
38142
599835
599874
599796
42392
42392
42392
36557
1529364
1772714
1772719
599799
42392
599869
41327
35779
36557
36557
36557
42392
1528614
36557
1270340
415291
42392
36328
42392
415287
44153
40129
41382
42392
567989
36557
36557
36557
36557
36557
1529370
374905
415286
37963
42392
1270418
35951
1772704
38955
42392
36557
42392
1607926
36557
36557
36557
36557
36921
1460930
38142
41289
36557
41289
44613
40301
41663
36557
36557
42392
43278
36557
36557
36557
36557
36557
36557
36557
36557
36557
213649
38816
36557
426055
42392
36042
36557
1665536
549529
1276776
36557
44178
41289
36557
1665668
41289
41974
36557
36557
41289
36153
36557
1528603
1528089
41289
44620
1229289
595260
595428
41289
1226775
39514
1129257
405078
41289
1226772
1226772
1226772
1226772
441286
1129248
1128725
1128980
793213
1129239
1129255
1226775
1129234
1129250
595242
40035
1129219
1129005
1129237
1129238
1128992
1129011
1129254
41852
38895
1129240
1128981
1128993
1129253
1129218
1129009
1129207
1129204
1129122
1129229
1129022
1129194
1129242
1129252
1129016
41289
1129208
1129235
1129020
1129226
1129015
1129030
1128982
1129246
1129251
40035
1129224
1129220
1129019
1129210
1129233
1129195
1129205
1129023
1129198
1129232
1129213
1129201
1129243
41289
42619
42619
43311
1129099
1129230
1129223
1129249
41289
1129026
599953
1129216
1129222
1129228
1129027
1129227
1129197
39318
368916
1129209
1129231
1129200
41289
41289
1129212
1129025
42619
39845
1226775
1226775
37100
1270325
1270326
567927
1129206
40035
40035
40035
40035
40035
40035
1129028
38156
625337
37511
38002
1129018
1129202
415311
1659389
37510
1226772
38156
426057
38156
40849
42181
43905
573254
405076
573257
415294
1226772
426037
426056
426689
573259
415297
1343543
573250
38156
38156
38156
38156
38156
38156
573253
38156
570930
573258
573251
373830
573255
567167
43578
573249
144676
415293
40850
1460823
38606
595717
213645
36567
213384
213646
1343550
1343690
213640
380617
1343659
213642
37890
213648
1343471
42402
1066653
213647
213643
1343699
213644
1066677
1066445
1066685
40165
1066672
1066659
44067
1066675
1066680
35951
605885
605885